112
4815 -2123
-427 2388
9635 -8932
1717 -2238
-1486 5160
-4027 1200
-9083 -245
5018 -5672
4071 -1498
-3545 -5900
8326 -6007
-229 -4565
-628 -4386
1281 231
6761 -8521
5806 9899
-2272 8951
777 -4228
-8966 -1852
7321 -9214
-2465 9176
-2102 3093
428 -995
-549 -2644
-7224 -2210
-4314 -9024
8748 -2073
3369 1237
-9657 -1600
-1708 -4794
9229 -6199
3800 9327
-4082 1988
-5326 1656
2594 -4833
2756 -9529
-9897 8233
-5296 5231
5281 -1741
-9259 155
-1421 5390
3245 -3337
-343 1662
-6124 2365
-1297 -3959
-3312 -2207
-3692 3365
3271 -518
9135 316
-5136 7960
6632 3883
5733 -9372
9385 -1253
-7683 -5677
-6399 -8803
2584 -3111
-3844 -7749
3108 4031
6019 -7485
-212 -91
-6005 1318
7270 -8910
-8707 1190
-2948 3997
872 -6130
-1600 -7380
5394 1930
-842 3558
5682 7825
-4580 4717
-1446 -3239
-2976 527
259 -4011
1853 -1779
5726 -3480
4144 -7246
8062 4264
2125 3350
-9938 -1665
3731 -9225
3446 5632
1311 9009
-8497 -8246
1065 -3426
1890 9080
-6465 -830
-9115 3996
9043 8397
1990 -5528
-6309 7176
-6912 2022
-1968 -3829
8525 8147
2527 1808
-7856 -624
-4696 -8748
-4410 3563
-1418 3790
2589 -371
9890 -4702
4499 9490
9269 2743
-4827 3793
-163 -9991
7527 -6791
3569 -9653
-3911 -5197
4887 4015
-8481 6156
1095 4475
-9855 7498
9977 -881
