225
-1309 -5895
-8126 3416
8041 -3931
-5939 -9092
-6685 -6101
9891 2214
-8373 5325
861 7314
-236 1978
-6676 8444
5203 4217
-5411 4593
-6446 -9870
4579 -175
2974 -5460
770 -960
-6712 9141
4261 -5394
1217 7076
-382 -5689
-7075 7900
6814 4837
4348 5830
-7243 -3769
5629 7787
5958 8595
4727 -3819
-4069 -9818
-7896 8108
-1574 4622
5955 -6689
-3383 1372
-6767 7624
-4151 9088
-4550 -6769
-1065 3996
1207 -1199
-131 -2195
-2826 -9868
619 4611
-7736 9098
-3025 -8321
7189 3445
3107 1684
-5559 -2798
-5194 5632
-2160 5959
-4291 -8220
-4701 -875
-2982 -8827
7366 -774
9334 -4301
-4912 -4451
-3509 2061
6479 4610
-7769 2162
-7200 4073
-581 -8140
-9425 -129
-3792 5042
7862 -6661
-3465 6941
686 7756
-1728 -1555
-4133 -5290
7593 5301
-7806 -8747
-6161 7363
-5187 3894
2599 8199
7134 5032
5936 -8753
7792 -2981
9344 -6354
-9461 3072
-9179 8949
5388 9160
-7198 -1216
5487 8127
-4742 9034
4259 -3438
1745 -5246
9427 2197
-6768 -844
2039 6154
-2743 -2701
1487 -9880
-2111 -967
-313 -4630
5858 -4306
-1519 4669
6558 3203
651 -3406
6889 8077
3225 8069
62 5032
862 -6296
540 2480
7815 5033
1306 -3118
-3939 -7537
5072 7909
-34 392
-1750 2480
6586 -166
-3225 918
-8328 -6973
-7749 -2329
-2883 -2049
-1646 8083
-9877 -7599
3525 3724
-518 5306
-1901 -1479
-2657 -4071
4467 -693
-5026 -6846
7640 6418
-4101 5887
-3702 -5017
-3216 -3787
-9026 9987
-1493 6722
9487 -2077
-339 8415
2931 -5009
8487 4971
1170 -8795
-3502 5208
-9632 9087
8712 -4284
7784 -8471
-3682 -1001
3609 -7164
1466 -2691
9622 5280
5435 -4853
-2303 -3960
-1422 -3938
1011 8585
2033 5126
6193 -7390
8003 3522
4867 2832
6270 7331
-8681 6801
7001 -657
-194 3651
682 -7058
-3173 8068
-5969 4813
-9884 -9128
1488 6722
-6088 9381
8336 9375
7156 -6495
-1153 4787
2317 4965
-6309 -5262
218 -8512
-7356 8087
-9789 -5797
9357 -9530
-7247 -7166
-90 -7826
8279 7270
-9657 9294
4488 5531
9862 -1072
8299 3186
-718 -1544
4743 3425
4671 -1496
374 -2069
7457 -9796
-1238 -8816
-213 4301
-4178 -2
-1509 7376
1939 -4227
-3767 3719
4927 6968
4428 -9849
-3535 3070
-2658 3982
6279 8918
4117 3658
5680 -7462
2105 8603
-5593 -7059
-8146 -9177
-7831 -9421
-547 -8109
1560 -7572
2798 -2043
-1629 -2652
5149 -1594
5036 -1866
3633 6572
6950 9340
101 -3205
5847 -3199
7862 4659
8489 -5646
-6823 -3653
4672 -449
1562 -9400
-1948 -9565
-3104 5325
-449 3126
6385 -7755
4802 6794
-6915 4669
-3255 -7281
6619 -7870
3926 -1512
5956 4460
-4894 -5653
9911 -2769
7052 9138
-7066 -5259
-1786 9628
9020 2200
6972 -7906
6427 7215
