900
2329 4020
-3498 -6643
1121 5504
3713 78
8299 4456
-2548 -5546
-5719 -8066
7145 3353
-1144 1869
-4972 -585
-5463 -8162
3688 9754
6881 9597
-2636 181
-8455 7325
-6805 6339
-304 -6269
-1611 -9949
6872 -6993
-6445 -8693
7148 3645
2039 9094
-9617 -8931
5645 -8675
2564 226
-3396 -1661
2476 3520
867 8583
6554 -1574
-3427 726
7886 -2590
1882 3682
3021 2711
7094 -4095
-2392 599
6525 9084
-1689 -6783
-6862 -6391
-9832 5720
-2391 6717
8822 -2190
3264 -6838
-1458 -8957
-1392 4291
-2763 1837
9984 3243
-3205 -9300
8596 -5749
-2827 -9667
-5959 388
2506 -4387
-1599 -1667
-3183 -4118
1472 -2187
5529 -2985
-194 8022
-3958 -6622
5665 -7184
8287 -9246
-4230 -4847
-6962 -788
-5281 2540
6407 -7136
3124 -5983
-4726 -1242
6696 7798
-9896 -563
-365 7907
-8691 7364
3068 -720
-1999 -6089
799 7886
-5457 -5713
-8338 -5435
-5162 746
-2758 -6988
8578 -1563
-6082 -8126
-527 3777
5621 -3674
1018 -2442
-4644 4198
8167 3245
-1288 9246
-6784 3400
-4736 -1507
-8927 9149
1584 -9527
-8952 7621
5131 -9445
-3235 4163
-4566 342
7456 -1342
-9682 -538
7121 1184
-4287 9017
8490 5985
6432 -3110
-9282 -3604
2671 -810
-8479 -610
4259 8092
-9256 -1553
-5787 8475
-4486 -6983
-9234 3450
-2834 8751
1815 7116
650 714
-4656 3941
545 9497
-4417 -6267
1597 -1365
6900 958
5662 -544
-6757 -9886
6559 2111
1983 -7309
-2457 8828
8462 7803
2500 4965
7782 -8907
-3322 6372
-4672 -6295
-9553 -8474
7124 4799
-5501 3343
9311 -3497
1132 -5137
2034 7152
3938 -2087
945 -3414
-152 -42
3853 3987
-8888 -9311
346 -5318
-6008 -2570
-3035 -193
8826 3318
-9218 17
3839 6892
9559 -995
4586 -284
6309 9328
-9381 -1546
8236 -8331
-1802 6152
-8109 4549
-1443 -2416
-5942 -2263
2165 -3133
-2094 -7010
-7912 -5184
-4841 9539
-105 5994
6145 -6359
6006 285
4199 -2250
-6713 -5120
-9033 2369
8173 5344
-2168 -222
8053 -1074
-2819 -8935
-3804 9137
-7684 -8819
1352 2140
-138 6943
-7369 -3203
-5497 7919
4332 8979
-9500 -6691
-8583 -5796
1710 -3943
-5087 -3662
6982 6140
-5329 2686
-5202 3755
3744 -305
2009 -3636
-4939 -9254
2415 -4124
7662 4318
567 -5855
-4896 -9516
5299 8465
7666 -4265
8918 7238
6659 -9941
-3634 -761
-6823 6607
4416 8924
999 9922
-2543 5247
7241 -9592
-8526 1954
8225 -2302
-9137 4724
4018 -341
8519 -1208
-62 -9384
-9598 -7136
8531 7259
-371 6525
2868 4029
7732 2784
4620 -2655
-8304 5027
9487 4522
-9507 3114
9795 977
919 -4502
-4184 4394
-7267 7097
5761 -4291
3094 3584
-9284 -2335
-8085 47
2071 -9774
3449 -562
-3227 1597
6128 -993
-3183 -9410
-8967 5563
1310 2465
3668 5301
-5235 7103
-2881 -9528
3065 9413
-8300 -6633
7343 9304
4027 -3556
4232 7778
-8053 -5707
468 8325
-727 3214
-7306 -651
9803 9728
-4319 64
-1257 6557
8078 3057
-8619 5986
9547 -7346
-3748 -9396
-3923 -6115
2691 2693
9879 -4793
-5260 8297
-9629 -3864
-9508 -5651
-192 -364
-8434 -8300
-3599 9993
-3342 1061
3890 -5274
4029 -3312
3483 3725
-8302 -527
-8962 8657
-3909 4495
-7001 -9533
-1864 3059
5328 -6360
-7416 4890
1421 -4621
-8565 -7933
8001 -8715
809 -7812
-7828 6964
-9623 -8830
-1378 -4305
-2263 -9002
6569 -2700
-8895 7801
2866 -3474
-4608 -276
-9803 -6101
-5376 6379
-1842 -7705
7157 -8942
-7486 838
-9988 -886
5845 -7971
-8566 -6912
4245 685
2868 -9298
7294 -4761
8298 -2185
-8970 -4402
-7359 9655
-3903 -3590
5319 -5842
-9831 -7777
3136 -8118
2506 1151
3711 3459
-5855 -8971
-980 -5766
7294 7116
-3897 6033
-6232 -4486
-4924 6440
-6675 5375
-1651 3297
-8439 -7535
4677 4767
-6193 -12
-9833 -1372
-3737 -5231
3200 2152
-7756 7321
5177 3051
-9220 1880
6950 5847
6442 5758
-6685 -5954
1052 -9833
-2286 453
-4851 7782
9507 -1074
3068 -8759
-810 2356
801 6488
3905 8251
-7897 990
-4511 4105
6375 9124
-6161 -3327
-8058 3115
-4183 3051
4525 8446
5609 -3049
7647 -1906
1540 2089
6080 2314
667 3157
6858 -5866
8203 8548
-6835 -3342
3803 -8372
8203 2921
-450 9504
-7908 -6836
-8853 -5287
6020 -3743
6433 -9637
-155 -2276
-5675 -3670
8934 5971
3427 -6125
316 2016
-2316 -6651
7596 -2036
-4712 3334
-2796 -8193
460 8489
-3131 4051
-7792 4036
-6480 -8755
2027 -7367
620 1167
3950 4901
3450 -5480
-3820 -5740
-8191 -2862
18 3790
6344 8814
-7877 2544
-886 -7895
-465 4245
5415 8225
1638 3429
4202 -5256
5477 4040
-2543 -7850
-7074 1767
-5727 1067
7005 3627
-4471 -5784
6629 -1556
7627 -5600
-8506 8941
1398 -8761
6403 -2904
-3034 2737
323 4333
2399 1772
9762 6755
2296 7124
4686 5902
-7521 -6641
9309 2776
-375 -6687
2507 -3519
-164 -8162
2426 -3554
-548 5162
856 2625
-4998 -437
2741 -2097
-5346 595
-202 -2847
4819 5396
2165 5720
3035 7677
881 6605
2374 -3134
3282 8448
951 -1052
3597 -4112
6142 -8270
-4299 -7582
-2236 -2827
7685 -4133
-2328 5393
6869 2396
1387 2545
595 -3710
2300 3090
3730 -5489
-4736 1349
5561 100
6428 -1321
945 -6773
-1030 -6157
6303 482
8928 8825
5204 539
-2740 -5321
-6165 2339
824 -156
-9218 -7955
7045 64
1691 -1237
-8962 762
2192 9313
1704 686
-4412 7591
-4844 -6113
5362 182
414 5739
-1203 7345
-4979 -6650
-1865 -4117
-1659 -8318
5605 28
1805 8167
-2609 -1975
9015 6214
-1225 -9930
1908 -1546
-2072 -2058
-3580 6788
-8713 -1187
6259 8764
4349 8383
5648 -5333
-9585 -2077
-5116 -6737
7927 -2189
-6692 8850
-7652 -6771
-5054 614
5046 -2291
8342 514
-8234 9034
1632 7986
-2211 2618
8068 6532
8217 -9322
8674 -8025
3623 764
-143 3850
4814 2732
5599 -6899
-4283 1479
7872 -2023
-6762 -5326
4867 9060
-6165 9248
-9728 -4604
-9660 8754
-3704 -9251
-6477 3226
3808 -695
-8361 2996
-8203 -3642
-8308 -8441
-3596 -3348
-6678 2673
5798 -3301
2299 2868
6241 -4746
6613 8582
4539 3662
-737 870
7543 4239
4740 -2155
-118 5718
-9575 -3769
-5276 -5275
-2783 515
-7901 -1494
6395 664
2800 -2292
1650 -2228
7977 5800
-388 -8120
-8129 416
-1957 1963
5432 3576
-7594 3312
-8132 -7517
9868 8663
2604 2676
9380 -734
-7653 2573
-4357 5455
1902 -8679
-5349 1235
-6591 -2213
-6469 -4401
4067 2430
-3462 1655
8618 -3668
-5141 -6446
-4578 9035
-9995 3299
-8910 5144
1190 -8450
-2133 -7618
4813 6657
6155 -3421
-6280 8201
6525 -3145
-229 -1852
5100 3759
-4547 -6495
-8116 9366
-2361 -6371
1982 1035
-36 787
9936 -3929
6409 -3176
-6959 230
-8816 -2078
-4115 3324
-4992 -1234
5602 6500
-6442 -7223
4747 -161
-6041 -9064
6584 3051
2859 8617
2464 4985
-8758 9720
3914 8677
-5756 -8914
-8679 403
7114 2688
1456 -8978
-7319 2408
-3613 9452
-4235 -9005
-4171 9486
737 -4368
-6652 -8692
-8984 -8280
8274 8282
5011 -5804
-9485 1168
4054 3818
2338 -1962
1826 1562
-193 4905
-2251 -3765
3179 2522
1431 7016
6024 766
428 -4943
-4227 -4161
1329 -6075
-4627 -7376
2044 -9615
77 -2555
4446 -5099
-8680 728
3255 -9540
4146 2259
5899 -1813
9186 2658
-8528 1528
-7133 5933
9715 8047
-8793 4427
-3725 2910
5989 9614
-925 3291
-9872 -636
-7409 -4675
-9967 -2524
-2723 -1746
7079 -8094
-9639 9821
-6513 716
-2873 4236
3722 -8623
461 -3299
4971 -5188
7592 1999
-4364 -8294
7875 2563
-2681 4406
-6123 -3848
3755 5006
-3357 -4627
-2245 -5745
-132 -6396
-4336 -6866
-2563 -2699
6046 -3703
-5881 -7628
9229 9362
8358 -9768
4587 559
-4064 6983
-6993 -5608
-513 3319
-6297 5859
1037 1792
2185 5263
9241 -9059
-5227 -3763
6546 7993
8527 -5804
5977 8153
3887 5948
-1601 6436
-304 1942
8865 2563
-3839 4851
2833 9369
-9710 4618
-4828 6100
4663 1288
6397 5342
-648 2312
4554 2736
7805 -15
-1396 -3159
-152 5448
4120 8001
-9433 -5102
-4525 6733
5104 427
4449 -3104
2836 1667
8015 -2581
8551 8234
5199 -7716
-9625 7898
-1012 -6514
-5750 -6583
-9237 -6271
8432 7863
363 -7363
5670 3571
-9076 360
7827 -6002
-1507 5477
-5089 3440
9954 -6219
-9669 -7978
-5275 9475
7767 -1316
9613 1454
4693 -4904
6999 -3139
-4215 781
-6512 5498
-8763 -4119
-9670 2313
-6705 4117
-7582 9623
-4135 1242
2308 846
-5025 -5584
-3426 8705
3365 -9205
-738 4950
-7163 1489
-6900 -2897
-2579 -2409
8812 -9471
8577 1231
-1557 9603
9789 -577
9278 -4817
-9810 -4474
396 2859
-7578 -1901
2070 -8087
-3226 7067
2792 8746
8711 -2642
4042 8894
-1073 -4793
826 -6435
-4647 8861
-2649 -2039
992 -2475
5579 -8834
9158 -7822
-4376 4906
139 5933
9885 -9102
-979 -1086
-6004 -4938
4518 -565
-6185 4196
-3134 -2322
-8100 9417
-7785 -5628
-8870 6306
-9315 -6472
-8867 -7051
3774 4498
836 6576
4181 5192
-5650 7696
4737 5337
728 4165
7403 -1609
7196 -6860
-9811 149
-4614 8206
-523 -6421
2026 2811
6703 -1878
212 -844
-6512 -5025
-4357 2673
5632 4825
6360 -9019
-7024 1727
-6293 3777
-1709 664
-3054 -7119
-4714 -5664
4979 -6480
-2370 9852
-3493 9906
-3964 -1034
4222 3395
9833 7811
-8303 910
-201 8551
-4014 6993
4598 2323
-6757 -740
3569 2651
-2537 5372
1017 -3625
870 5499
6843 3299
4000 3894
-8172 -2037
9567 5416
-7547 -4301
-7688 -1601
7028 5822
282 3369
255 -3816
-6965 -756
-5721 923
-2230 7052
-7084 -2003
7962 9712
-1678 -4258
-2130 -1608
413 9077
379 3455
-1192 7191
273 4475
-7142 -8659
-905 -7238
3992 -4435
-1949 -3766
967 -1602
-2996 8832
7853 -828
-5032 -243
-1801 -1233
6839 5646
-8782 8647
5272 4935
8198 6269
1812 9734
-9629 -2438
4393 -9044
2704 -4383
-3930 4624
7606 -2200
5007 6778
6036 -1275
9448 9687
6608 6667
9150 9781
8712 429
-226 -9818
-8068 858
-3155 2354
2546 -1666
7487 7070
1653 -2457
-673 5067
4503 8887
-5328 5425
-2233 522
-6068 6998
-6776 2409
5546 5386
8512 6447
8497 -7156
5187 8661
-8842 8833
2421 6164
7559 8486
-8637 8950
-4136 -9109
5226 -3526
9830 7231
2959 -3539
5929 7986
-3867 -1119
7050 -1721
-5211 -8914
2427 -9548
8388 7174
-6796 7579
5510 556
9243 -4291
9370 -60
-3834 -7365
-1568 6384
-6767 4169
-4820 -6527
-9424 8381
8568 -8717
-1404 6205
-9542 -2935
2721 4271
-2570 -1057
-7834 -3302
3550 -6828
-2948 297
8621 1875
6133 -2265
-9123 -7779
2084 9770
-889 -2068
6982 -4222
-3408 -6423
7612 1807
3877 7254
-816 -2307
-8525 -6609
-1010 1112
2535 -2544
-5141 -472
-4167 -9762
7382 6554
9200 883
-5668 6874
7266 9394
6655 -7104
-2836 -5661
-366 -104
-7028 -521
5520 1280
3833 -3244
-6321 -7358
9397 8142
-2472 -9277
-3602 2822
8144 -1956
-1654 5256
5433 1078
-174 -6705
4872 -7611
-9132 2813
4981 8246
7999 -8903
-3924 5797
-9558 -6173
-1005 9233
-2074 -796
-7321 8172
2670 -7398
2117 6255
