450
-8237 4243
6486 5129
-7158 5424
7644 -3064
-9052 -7630
8332 2595
3901 4955
-9356 582
9446 4292
-5260 -2098
8133 9117
-3232 3726
4790 3167
-7894 8884
6595 3888
7014 9562
-9064 7044
-3808 -5162
-457 3534
-4665 7746
8053 3793
-3539 9996
-8906 2466
7327 -6883
-1110 -9155
-7115 -3584
-4817 -5133
-5814 1774
5105 -7253
4570 9409
-1150 6866
9504 -4510
9756 -106
8752 -1547
-9195 -6586
-2618 9380
-5027 5829
8718 3798
-7306 -4676
-5479 2210
8057 -5651
-3557 -6266
-7287 -4998
721 8479
5101 -4222
8706 7938
-15 -4446
2700 -6676
-7584 1407
-388 -2154
-2373 -5557
-3603 6146
-4673 -1022
3189 -1442
-2018 -4866
8827 8058
-7617 1282
-5374 -7769
-5520 3737
5005 -9146
9536 9696
9797 -4138
176 3825
238 -2524
2136 -6012
7301 148
-2492 -8352
-4739 4849
-1463 -6132
-4168 -9768
3677 -2885
-1993 -8178
-8835 -7637
4364 -5414
4896 8581
-7262 1931
6404 5653
6541 -4473
-5543 6691
-356 1616
-3726 3802
-9113 -6083
889 3078
-4532 -2080
-265 2096
-5870 874
-3633 -8011
1584 -4773
6564 -3437
3713 -2534
2431 -7882
5536 2918
1715 1789
3055 4256
8276 -3968
5831 -8749
-2690 -2662
2008 -9437
-416 -5623
-834 294
8218 -7666
-338 -6613
3562 -6554
8525 9652
-916 -7803
-380 -4806
-8728 -1048
7865 -8444
-4629 -942
5658 6931
4839 1894
2761 2543
4588 -4703
9983 -1846
5205 4041
-7597 -768
-4540 -2452
1098 4959
6005 7035
4790 1682
9429 -9694
-1658 -4830
3369 7193
5316 -4449
9154 -7771
-9500 -551
7890 -9389
25 900
-1094 -1857
-43 3536
-3053 4054
-4576 -6817
7379 -6131
7349 -9729
-260 3986
2476 1886
3283 6506
6165 4480
8093 -2676
-5158 9416
4254 -6365
473 -2822
-2860 -3880
-2364 6928
-5478 -5063
8631 9128
-2626 -1646
4376 -8475
6696 -8106
-4338 -5420
9008 -4648
-2880 9553
6189 2854
5107 -4147
-534 9153
-8542 7513
-1766 -1079
-2244 5228
-7244 4415
2595 -5087
-103 -1793
852 2025
-9592 -5347
5067 -4494
-2759 -7762
-1847 3423
-7046 -5437
-5109 -734
9320 679
9045 -781
-6402 5539
-6225 845
-3267 -9864
9554 751
88 -3972
-8965 7366
2777 883
-806 -1275
-399 -6379
-3175 5702
5247 3368
900 -3800
49 -3369
1365 4078
-1844 -70
1218 8219
-9402 -902
5987 9929
-817 9256
-4725 -4963
-2852 -9730
-5698 -5843
8046 -2965
-1367 -6118
-8719 7621
-1373 1917
-3662 -4470
-8197 -9702
8346 -330
76 5373
5831 -9355
-6208 -2639
2752 -7836
3384 -7319
6834 2184
5061 -1222
-4817 -6115
-3198 -1609
1394 -3776
2493 6829
-4304 -3337
-2971 -1123
-5170 -8299
-2251 -7397
-2971 6865
4193 -9252
-9956 -5223
-9874 -5134
-4852 3466
-9579 -4533
-7081 -9185
-291 7938
1240 -8914
-8232 -1589
-1996 2132
789 -5346
3513 2600
-2703 -700
-5126 9054
-3163 7099
6189 -330
-6749 7526
6077 -9178
-9632 1023
2732 -7247
9596 -7560
-6712 -2369
-4943 -8472
8986 5451
-4043 9781
7864 2458
6797 -8220
-9832 -8988
1450 5425
-8023 -81
-4327 5528
-1015 6935
-3645 242
-4909 -9924
2531 -2367
-8160 -1725
-1869 -3680
-1560 5720
-3207 4619
8751 9142
-2949 3670
-8880 -3439
-6827 -941
-60 -1020
8966 -1614
8476 -7101
-6363 4423
8824 -295
5555 8736
3807 8022
-7505 4098
5149 -115
891 -3605
8765 7183
-9968 9496
-7445 6301
-4745 8429
1328 -7263
-6428 2058
4910 1723
93 3620
5087 -6055
-3349 3277
3235 -1436
3421 -7133
-2170 4113
9460 -7088
-2222 -1544
4137 -1461
-4782 9303
6291 -1445
1712 -9065
-4293 5425
-7335 1952
-2658 6356
-9596 -7344
-4056 -5675
-137 -1735
1302 9942
2009 -1202
-9596 -2869
8813 -9272
-5796 -6982
-3843 1732
7748 228
8026 -6820
3570 -2148
6489 7238
-9391 -9367
-470 1615
-5632 5046
-3784 -5526
2386 4116
4010 -6966
3317 1251
-7604 7588
7334 1982
3858 8064
5364 -1481
8619 1608
6653 5460
-2970 2118
-2979 -5296
-7395 5716
-8860 -6132
-2399 -9665
8899 4296
7018 -6960
6253 -468
8214 5052
8735 3960
-1697 7033
3721 -4218
655 -7380
5727 1471
-828 4248
-3347 3712
-3754 -3009
4435 181
6825 5206
3731 -9631
-6110 6321
-3607 6053
-8282 -5901
3664 408
7960 2013
-4617 4010
168 -3808
-6405 -4791
-6230 9513
-9936 446
-649 1152
8246 -9259
-8401 -3927
-487 -9364
1926 -7634
-2308 4545
4706 5806
-2609 5136
4175 909
-5397 -7654
8311 -1793
-1025 9438
9699 411
-6207 4936
-3579 -2220
8400 1584
-6561 -6701
5649 -7674
-4794 906
7167 -1922
-2026 2577
7296 4281
-4801 -97
-4283 -8508
1662 6442
-8783 2587
1219 9454
9279 1404
-1423 -6036
9125 -4989
-5977 -5995
1234 4461
3795 -89
4713 7345
5296 764
-3837 5924
-2474 -721
6413 9574
-6162 5537
2767 -1739
-4182 -1532
2715 9240
-9034 -678
891 -8146
-4668 1952
1014 8362
5167 6148
-1255 640
8448 4340
5294 9525
3571 4937
-9329 -548
-6385 4411
-2732 947
6047 -4189
4643 1999
847 -2675
701 5336
3548 5033
3776 4971
-809 -6286
-5511 1217
4800 -7721
-6087 295
-2156 -7471
-9822 -4004
-9828 4902
6566 -2684
3689 617
-8711 9949
9698 2695
-4592 -3853
-2536 4014
-2192 3348
-2748 8838
6744 -4567
-7596 -7203
-1623 5625
-3724 -301
4565 -4024
-8838 -1429
1195 8650
-8989 5168
9828 -8604
6032 6987
808 3044
-5845 4737
-350 -9682
-8080 4245
-7167 6215
-7651 1911
1254 -2946
-3399 4792
745 3910
6958 -9544
-2846 -8365
-5370 7783
-2691 -3985
131 -8021
492 -8862
-4645 8053
-8087 976
-1486 -2623
-3492 9024
